Callsign,Code,Number,AirlineCode,AirportCodes
EJU900E,EJU,900E,EJU,LFBD-LFLL
EJU901H,EJU,901H,EJU,LIMC-LICJ
EJU901J,EJU,901J,EJU,LFBO-LFPO
EJU902C,EJU,902C,EJU,LFLL-LFBD
EJU902E,EJU,902E,EJU,LFBD-LFMN
EJU902W,EJU,902W,EJU,LFMN-LFPO
EJU903Q,EJU,903Q,EJU,LFMN-LFBO
EJU9041,EJU,9041,EJU,EGGW-LIMC
EJU904F,EJU,904F,EJU,LFKF-LFPG
EJU905D,EJU,905D,EJU,LFBO-LFPO
EJU906E,EJU,906E,EJU,LFRN-LFMN
EJU906Q,EJU,906Q,EJU,LFMN-LFBO
EJU906W,EJU,906W,EJU,LFLL-LFBO
EJU907T,EJU,907T,EJU,LIMC-LIBR
EJU908G,EJU,908G,EJU,LFMN-LFPO
EJU908Q,EJU,908Q,EJU,LFPO-LFBO
EJU908U,EJU,908U,EJU,LFLL-LFBO
EJU909D,EJU,909D,EJU,LFMN-LFRN
EJU90AG,EJU,90AG,EJU,LICC-LIMC
EJU90BD,EJU,90BD,EJU,LFLL-LIRF
EJU90BR,EJU,90BR,EJU,LIPZ-EGCC
EJU90CP,EJU,90CP,EJU,EDDB-GCLP-EDDB
EJU90CR,EJU,90CR,EJU,LIRP-LPPR
EJU90HV,EJU,90HV,EJU,LSGG-LPPT
EJU90MF,EJU,90MF,EJU,LFPO-LIRF
EJU90MY,EJU,90MY,EJU,EGSS-EHAM
EJU90PC,EJU,90PC,EJU,LPPS-LPPT
EJU90XM,EJU,90XM,EJU,LIMC-LPPR
EJU90YE,EJU,90YE,EJU,EDDB-LFPG
EJU912D,EJU,912D,EJU,LFLL-LFKB
EJU912L,EJU,912L,EJU,LFMN-LFPO
EJU912V,EJU,912V,EJU,LFRS-LFLL
EJU912Y,EJU,912Y,EJU,LIMC-LIRN
EJU914P,EJU,914P,EJU,LFBD-LFQQ
EJU914Y,EJU,914Y,EJU,LFMN-LFPO
EJU914Z,EJU,914Z,EJU,LFBZ-LFMN
EJU915D,EJU,915D,EJU,LFBZ-LFPG
EJU915F,EJU,915F,EJU,LFLL-LFBD
EJU915K,EJU,915K,EJU,LFMN-LFBZ
EJU915R,EJU,915R,EJU,LFPG-LFTH
EJU915X,EJU,915X,EJU,LICA-LIMC
EJU916M,EJU,916M,EJU,LFRB-LFMN
EJU916P,EJU,916P,EJU,LFBO-LFPO
EJU916Q,EJU,916Q,EJU,LFMN-LFPO
EJU916T,EJU,916T,EJU,LFRS-LFKJ
EJU917E,EJU,917E,EJU,LIMC-LIEO
EJU917F,EJU,917F,EJU,LIEE-LIMC
EJU917J,EJU,917J,EJU,LFSB-LFMN
EJU918H,EJU,918H,EJU,LFPO-LFMN
EJU918K,EJU,918K,EJU,LFMN-LFPO
EJU918R,EJU,918R,EJU,LFRN-LFLL
EJU918V,EJU,918V,EJU,LIMC-LIBD
EJU919U,EJU,919U,EJU,LFRS-LFKB
EJU91AC,EJU,91AC,EJU,EGCC-LPFR
EJU91AE,EJU,91AE,EJU,EHAM-EGSS
EJU91AU,EJU,91AU,EJU,LFPG-LEBL
EJU91BJ,EJU,91BJ,EJU,EGKK-LIRN
EJU91BP,EJU,91BP,EJU,LFMN-EGKK
EJU91BR,EJU,91BR,EJU,EDDB-LSZH
EJU91BT,EJU,91BT,EJU,HEGN-EDDB
EJU91BW,EJU,91BW,EJU,EGKK-LPFR
EJU91BX,EJU,91BX,EJU,ELLX-LIMC
EJU91BY,EJU,91BY,EJU,LIRF-LFPO
EJU91CA,EJU,91CA,EJU,EGAA-LFPG
EJU91CB,EJU,91CB,EJU,LIMC-EDDB
EJU91CE,EJU,91CE,EJU,LFPG-LIPZ
EJU91CH,EJU,91CH,EJU,ELLX-LPPT
EJU91CZ,EJU,91CZ,EJU,LKPR-LIRN
EJU91DF,EJU,91DF,EJU,LFMN-EDDB
EJU91DK,EJU,91DK,EJU,EHAM-LGRP
EJU91DM,EJU,91DM,EJU,LPMA-EHAM
EJU91DP,EJU,91DP,EJU,LIMC-EGPH
EJU91DQ,EJU,91DQ,EJU,LKPR-LIMC
EJU91DR,EJU,91DR,EJU,LFPO-LFMN
EJU91DV,EJU,91DV,EJU,LPPR-LFLL
EJU91ED,EJU,91ED,EJU,EDDT-ESSA
EJU91EG,EJU,91EG,EJU,LPPT-LFBD
EJU91EH,EJU,91EH,EJU,LIRN-EDDB
EJU91EL,EJU,91EL,EJU,LEPA-EDDB
EJU91EM,EJU,91EM,EJU,EDDF-EDDT
EJU91EY,EJU,91EY,EJU,LEBL-LFSB
EJU91EZ,EJU,91EZ,EJU,ELLX-LPPT
EJU91FA,EJU,91FA,EJU,LFPG-EKCH
EJU91FB,EJU,91FB,EJU,LEBB-LIMC
EJU91FC,EJU,91FC,EJU,LEBL-LFPG
EJU91FD,EJU,91FD,EJU,GMMX-LIMC
EJU91FE,EJU,91FE,EJU,LFSB-LEAL
EJU91FG,EJU,91FG,EJU,EDDB-LIRP
EJU91FJ,EJU,91FJ,EJU,EDDT-LOWI
EJU91FK,EJU,91FK,EJU,LSGG-LPPT
EJU91FL,EJU,91FL,EJU,LEPA-EDDB
EJU91FR,EJU,91FR,EJU,LGKR-EDDB
EJU91GA,EJU,91GA,EJU,EDDB-HEMA
EJU91GC,EJU,91GC,EJU,LPPT-EKCH
EJU91GF,EJU,91GF,EJU,LEPA-EGGD
EJU91GP,EJU,91GP,EJU,LIRN-LSGG
EJU91GQ,EJU,91GQ,EJU,ELLX-LFBD
EJU91GR,EJU,91GR,EJU,LIML-EDDF
EJU91GT,EJU,91GT,EJU,EHAM-GCLP
EJU91GX,EJU,91GX,EJU,EGKK-LEMG
EJU91HD,EJU,91HD,EJU,LIRF-LFPO
EJU91HL,EJU,91HL,EJU,LFLL-LPPR
EJU91HN,EJU,91HN,EJU,GMME-LFLL
EJU91HP,EJU,91HP,EJU,GCRR-LIMC
EJU91HQ,EJU,91HQ,EJU,LFLL-LIRN
EJU91HU,EJU,91HU,EJU,LPMA-LFLL
EJU91JT,EJU,91JT,EJU,LFMN-LFPO
EJU91JU,EJU,91JU,EJU,LIMC-LFPO
EJU91JY,EJU,91JY,EJU,LFBD-LIMC
EJU91JZ,EJU,91JZ,EJU,EDDB-LIMC
EJU91KA,EJU,91KA,EJU,LFLL-LPPT
EJU91KC,EJU,91KC,EJU,LSZH-EDDB
EJU91KE,EJU,91KE,EJU,LFPO-LSGG
EJU91KH,EJU,91KH,EJU,LEBL-LIMC
EJU91KL,EJU,91KL,EJU,LEPA-EDDB
EJU91KP,EJU,91KP,EJU,LGIR-LFPG
EJU91KQ,EJU,91KQ,EJU,LFPO-LFMN
EJU91LA,EJU,91LA,EJU,LPFR-LFRS
EJU91LB,EJU,91LB,EJU,LPPT-LFBD
EJU91LD,EJU,91LD,EJU,LIMC-EGPH
EJU91LG,EJU,91LG,EJU,LEPA-LPPR
EJU91LM,EJU,91LM,EJU,GCTS-EHAM
EJU91LR,EJU,91LR,EJU,LFPG-EGGD
EJU91LY,EJU,91LY,EJU,EHAM-LGKR
EJU91LZ,EJU,91LZ,EJU,LSZH-LPPT
EJU91MB,EJU,91MB,EJU,ELLX-LIMC
EJU91MD,EJU,91MD,EJU,LIRN-LIMC
EJU91MH,EJU,91MH,EJU,EDDB-LFBZ
EJU91MK,EJU,91MK,EJU,LIRN-LIMC
EJU91MQ,EJU,91MQ,EJU,GCTS-LFBD
EJU91MR,EJU,91MR,EJU,GCLP-EHAM
EJU91MT,EJU,91MT,EJU,EHAM-GCFV
EJU91MU,EJU,91MU,EJU,EDDB-LEPA
EJU91MZ,EJU,91MZ,EJU,LFBO-LPPR
EJU91NA,EJU,91NA,EJU,EDDB-LIRP
EJU91ND,EJU,91ND,EJU,GCLP-EDDB
EJU91NK,EJU,91NK,EJU,LEMG-EDDB
EJU91NP,EJU,91NP,EJU,LGAV-LFPO
EJU91NY,EJU,91NY,EJU,EGAA-LEBL
EJU91PC,EJU,91PC,EJU,LSGG-LEZL
EJU91PD,EJU,91PD,EJU,GMMX-LFLL
EJU91PK,EJU,91PK,EJU,LEBL-EDDB
EJU91PM,EJU,91PM,EJU,LEIB-LIMC
EJU91PT,EJU,91PT,EJU,EKCH-LFPG
EJU91QF,EJU,91QF,EJU,LIRN-LIEO
EJU91QK,EJU,91QK,EJU,LPPR-LFLL
EJU91QX,EJU,91QX,EJU,LSGG-EHAM
EJU91RA,EJU,91RA,EJU,LIMC-LEBL
EJU91RC,EJU,91RC,EJU,EGCC-LPFR
EJU91RG,EJU,91RG,EJU,LGBL-LIMC
EJU91RH,EJU,91RH,EJU,LPPR-LSZH
EJU91RK,EJU,91RK,EJU,LICC-LIMC
EJU91RL,EJU,91RL,EJU,EHAM-LEPA
EJU91RM,EJU,91RM,EJU,LEAL-LIRN
EJU91RN,EJU,91RN,EJU,LIBD-LIMC
EJU91RQ,EJU,91RQ,EJU,LFPG-HEGN
EJU91RT,EJU,91RT,EJU,EDDB-EHAM
EJU91RW,EJU,91RW,EJU,LIEO-LFPO
EJU91SM,EJU,91SM,EJU,EGKK-LIMC
EJU91TA,EJU,91TA,EJU,LFPG-LEBL
EJU91TB,EJU,91TB,EJU,LICC-LIMC
EJU91TF,EJU,91TF,EJU,GMMX-LFBO
EJU91TH,EJU,91TH,EJU,LFLL-LEMD
EJU91TL,EJU,91TL,EJU,EBBR-LIML
EJU91TM,EJU,91TM,EJU,LEBL-LIMC
EJU91TN,EJU,91TN,EJU,EDDB-LGRP
EJU91TQ,EJU,91TQ,EJU,LIEO-LFLL
EJU91TU,EJU,91TU,EJU,LTBJ-EDDB
EJU91TW,EJU,91TW,EJU,LSGG-LPPT
EJU91TZ,EJU,91TZ,EJU,LEBL-LIMC
EJU91UA,EJU,91UA,EJU,GCLP-LFLL
EJU91UC,EJU,91UC,EJU,LEPA-EGAA
EJU91UF,EJU,91UF,EJU,LFPO-LIRN
EJU91UK,EJU,91UK,EJU,LIEE-LIRN
EJU91UL,EJU,91UL,EJU,EGGD-LEPA
EJU91UM,EJU,91UM,EJU,EGPH-LIML
EJU91VB,EJU,91VB,EJU,LEBL-EGCC
EJU91VD,EJU,91VD,EJU,LEBL-LPPT
EJU91VE,EJU,91VE,EJU,EGCC-LEMG
EJU91VG,EJU,91VG,EJU,LGIR-LFRS
EJU91VL,EJU,91VL,EJU,LIPZ-EGCC
EJU91VW,EJU,91VW,EJU,LFMN-LGMK
EJU91VX,EJU,91VX,EJU,LFLL-LFKC
EJU91VY,EJU,91VY,EJU,LPPT-LFLL
EJU91WA,EJU,91WA,EJU,LIML-LEBL
EJU91WC,EJU,91WC,EJU,LIMC-LEMH
EJU91WF,EJU,91WF,EJU,LIPZ-LFPG
EJU91WL,EJU,91WL,EJU,LGAV-LIMC
EJU91WM,EJU,91WM,EJU,LGSA-LFLL
EJU91WT,EJU,91WT,EJU,LIPZ-LFPG
EJU91WY,EJU,91WY,EJU,LKPR-LIPZ
EJU91WZ,EJU,91WZ,EJU,LFRS-GCLP
EJU91XA,EJU,91XA,EJU,LOWW-EHAM
EJU91XC,EJU,91XC,EJU,LIML-EDDB
EJU91XM,EJU,91XM,EJU,EGKK-LPPT
EJU91XP,EJU,91XP,EJU,EGSS-EHAM
EJU91XR,EJU,91XR,EJU,EGPH-EHAM
EJU91XT,EJU,91XT,EJU,LFMN-EHAM
EJU91XU,EJU,91XU,EJU,LFKJ-LFRS
EJU91YB,EJU,91YB,EJU,ENGM-EDDT
EJU91YD,EJU,91YD,EJU,EDDB-LEVC
EJU91YE,EJU,91YE,EJU,EGMC-LEBL
EJU91YK,EJU,91YK,EJU,LIRP-EHAM
EJU91YP,EJU,91YP,EJU,LIMC-LEBL
EJU91YX,EJU,91YX,EJU,LFLL-LPPR
EJU91YZ,EJU,91YZ,EJU,LIMC-LEPA
EJU91ZE,EJU,91ZE,EJU,LFSB-EDDB
EJU91ZG,EJU,91ZG,EJU,LIRN-HEGN
EJU91ZH,EJU,91ZH,EJU,EHAM-LEIB
EJU91ZY,EJU,91ZY,EJU,LEIB-EHAM
EJU921E,EJU,921E,EJU,LFBD-LFLL
EJU921G,EJU,921G,EJU,LFPO-LFMN
EJU923A,EJU,923A,EJU,LFMN-LFQQ
EJU923B,EJU,923B,EJU,LFLL-LFKJ
EJU923K,EJU,923K,EJU,LFMN-LFPO
EJU924A,EJU,924A,EJU,LIMC-LICC
EJU924B,EJU,924B,EJU,LFQQ-LFBD
EJU924D,EJU,924D,EJU,LFBO-LFPO
EJU924L,EJU,924L,EJU,LFRS-LFBO
EJU924N,EJU,924N,EJU,LFBO-LFPO
EJU924T,EJU,924T,EJU,LFMN-LFBO
EJU925H,EJU,925H,EJU,LIMC-LICC
EJU925J,EJU,925J,EJU,LFSB-LFMN
EJU925R,EJU,925R,EJU,LIMC-LICD
EJU925W,EJU,925W,EJU,LFKJ-LFLL
EJU925Y,EJU,925Y,EJU,LFMN-LFPO
EJU926B,EJU,926B,EJU,LFQQ-LFBD
EJU926D,EJU,926D,EJU,LFRN-LFBO
EJU926H,EJU,926H,EJU,LFLL-LFKC
EJU926J,EJU,926J,EJU,LFBO-LFMN
EJU926M,EJU,926M,EJU,LIMC-LIBD
EJU926U,EJU,926U,EJU,LIMC-LIEO
EJU926Z,EJU,926Z,EJU,LFMN-LFRS
EJU927B,EJU,927B,EJU,LFQQ-LFBO
EJU927G,EJU,927G,EJU,LFBO-LFPO
EJU927M,EJU,927M,EJU,LIMC-LIEO
EJU927T,EJU,927T,EJU,LFRS-LFKJ
EJU927Y,EJU,927Y,EJU,LFBO-LFPO
EJU928C,EJU,928C,EJU,LFRS-LFQQ
EJU928L,EJU,928L,EJU,LIMC-LIEO
EJU929H,EJU,929H,EJU,LIMC-LICC
EJU929J,EJU,929J,EJU,LFST-LFRS
EJU929M,EJU,929M,EJU,LFLL-LFRS
EJU929N,EJU,929N,EJU,LFMN-LFQQ
EJU929P,EJU,929P,EJU,LFBO-LFRS
EJU92AB,EJU,92AB,EJU,LIPZ-EDDT
EJU92AC,EJU,92AC,EJU,LFPG-LEMD
EJU92AE,EJU,92AE,EJU,LEAL-LFSB
EJU92AF,EJU,92AF,EJU,LGIR-EDDB
EJU92AG,EJU,92AG,EJU,LEBL-LSGG
EJU92AL,EJU,92AL,EJU,LPPT-LFPG
EJU92AM,EJU,92AM,EJU,HESH-LIMC
EJU92AT,EJU,92AT,EJU,LIRN-LICC
EJU92AU,EJU,92AU,EJU,LEZL-LIMC
EJU92BA,EJU,92BA,EJU,LIRF-LFLL
EJU92BD,EJU,92BD,EJU,EDDB-LFLL
EJU92BG,EJU,92BG,EJU,LEBL-LSGG
EJU92BH,EJU,92BH,EJU,EGMC-LEAL
EJU92BK,EJU,92BK,EJU,LOWS-EHAM
EJU92BR,EJU,92BR,EJU,LSGG-EHAM
EJU92BU,EJU,92BU,EJU,EDDB-GCLP
EJU92BW,EJU,92BW,EJU,LFBD-LFML
EJU92BY,EJU,92BY,EJU,LFPO-LIPZ
EJU92CE,EJU,92CE,EJU,LIRN-LFMN
EJU92CF,EJU,92CF,EJU,LPPT-LFSB
EJU92CL,EJU,92CL,EJU,LDSP-LFPG
EJU92CR,EJU,92CR,EJU,LIMC-LPPT
EJU92CZ,EJU,92CZ,EJU,LFSB-LPPR
EJU92DB,EJU,92DB,EJU,EDDB-GCLA
EJU92DC,EJU,92DC,EJU,LEPA-EGKK
EJU92DH,EJU,92DH,EJU,GMMX-LFPG
EJU92DL,EJU,92DL,EJU,LPPT-LPMA
EJU92DM,EJU,92DM,EJU,EHAM-LIMC
EJU92DQ,EJU,92DQ,EJU,EDDB-GCRR
EJU92DR,EJU,92DR,EJU,LFPG-GCRR
EJU92DU,EJU,92DU,EJU,LIMC-LEBL
EJU92DV,EJU,92DV,EJU,LEMG-EGKK
EJU92ED,EJU,92ED,EJU,EHAM-LEAL
EJU92EF,EJU,92EF,EJU,LEAL-LFQQ
EJU92EG,EJU,92EG,EJU,EDDB-LPFR
EJU92EJ,EJU,92EJ,EJU,LIBR-LIMC
EJU92EL,EJU,92EL,EJU,EKCH-LIMC
EJU92EN,EJU,92EN,EJU,LPPR-LFLL
EJU92EQ,EJU,92EQ,EJU,LGKR-LFLL
EJU92ET,EJU,92ET,EJU,LSZH-EHAM
EJU92EW,EJU,92EW,EJU,LEAL-LSZH
EJU92EZ,EJU,92EZ,EJU,EGKK-LIMC
EJU92FB,EJU,92FB,EJU,EGPH-LIPZ
EJU92FC,EJU,92FC,EJU,LPPT-LIMC
EJU92FG,EJU,92FG,EJU,LPMA-LPPT
EJU92FJ,EJU,92FJ,EJU,EHAM-LFMN
EJU92FL,EJU,92FL,EJU,EGMC-LPFR
EJU92FM,EJU,92FM,EJU,LPFR-LIMC
EJU92FN,EJU,92FN,EJU,EDDB-LFPG
EJU92FP,EJU,92FP,EJU,EDDB-EHAM
EJU92FW,EJU,92FW,EJU,LEMD-LFMN
EJU92FY,EJU,92FY,EJU,LIRN-LEBL
EJU92GA,EJU,92GA,EJU,LFMN-EDDB
EJU92GB,EJU,92GB,EJU,EDDM-LIMC
EJU92GC,EJU,92GC,EJU,HESH-LIMC
EJU92GD,EJU,92GD,EJU,LIRN-LICC
EJU92GF,EJU,92GF,EJU,LIRF-EDDB
EJU92GL,EJU,92GL,EJU,LIME-EHAM
EJU92GM,EJU,92GM,EJU,LFBO-LSGG
EJU92GN,EJU,92GN,EJU,EGKK-LIMC
EJU92GQ,EJU,92GQ,EJU,LFKB-LFLL
EJU92GT,EJU,92GT,EJU,LPPT-EGBB
EJU92GV,EJU,92GV,EJU,LIMC-HESH
EJU92GY,EJU,92GY,EJU,LSGG-LPFR
EJU92HC,EJU,92HC,EJU,LEIB-LIMC
EJU92HE,EJU,92HE,EJU,EGKK-LIRN
EJU92HL,EJU,92HL,EJU,EKCH-EDDB
EJU92HP,EJU,92HP,EJU,LFRS-LIMC
EJU92HV,EJU,92HV,EJU,LPPT-LSGG
EJU92HW,EJU,92HW,EJU,LSGG-LPPR
EJU92HZ,EJU,92HZ,EJU,ELLX-LPPR
EJU92JD,EJU,92JD,EJU,LIRP-LFPO
EJU92JP,EJU,92JP,EJU,LIMC-LGAV
EJU92JY,EJU,92JY,EJU,LFPG-LCLK
EJU92JZ,EJU,92JZ,EJU,LFLL-EDDB
EJU92KA,EJU,92KA,EJU,EDDB-LICC
EJU92KB,EJU,92KB,EJU,EDDB-LICC
EJU92KE,EJU,92KE,EJU,EGCC-LIMC
EJU92KL,EJU,92KL,EJU,LEAL-LFLL
EJU92KM,EJU,92KM,EJU,LIEO-LFPO
EJU92KP,EJU,92KP,EJU,LFBD-LFML
EJU92KQ,EJU,92KQ,EJU,LPPT-LIMC
EJU92KR,EJU,92KR,EJU,LPPR-EGKK
EJU92KU,EJU,92KU,EJU,EDDB-LEMG
EJU92KW,EJU,92KW,EJU,LIML-LFPO
EJU92LA,EJU,92LA,EJU,LDSP-EDDB
EJU92LC,EJU,92LC,EJU,EGKK-LIMC
EJU92LF,EJU,92LF,EJU,EDDB-LFPO
EJU92LM,EJU,92LM,EJU,LIRN-LICJ
EJU92LP,EJU,92LP,EJU,LIMC-LEMD
EJU92LR,EJU,92LR,EJU,LIMC-GCLP
EJU92LT,EJU,92LT,EJU,LFLL-EGPH
EJU92LU,EJU,92LU,EJU,LFMN-LPPR
EJU92MA,EJU,92MA,EJU,LEIB-EHAM
EJU92MD,EJU,92MD,EJU,LPPR-LFSB
EJU92MF,EJU,92MF,EJU,LFPG-LHBP
EJU92MK,EJU,92MK,EJU,EDDB-LIPZ
EJU92MQ,EJU,92MQ,EJU,LEBL-EDDB
EJU92MU,EJU,92MU,EJU,EGKK-LIMC
EJU92NJ,EJU,92NJ,EJU,LFBD-EGKK
EJU92NK,EJU,92NK,EJU,LPPT-LKPR
EJU92NP,EJU,92NP,EJU,EDDT-LOWW
EJU92NR,EJU,92NR,EJU,EHAM-LIRN
EJU92NY,EJU,92NY,EJU,GCTS-LFMN
EJU92NZ,EJU,92NZ,EJU,EHAM-LEPA
EJU92PC,EJU,92PC,EJU,LFRS-LIEO
EJU92PK,EJU,92PK,EJU,EDDB-LFPG
EJU92PM,EJU,92PM,EJU,GMMX-LIRN
EJU92PQ,EJU,92PQ,EJU,LIRN-EHAM
EJU92PR,EJU,92PR,EJU,EGKK-LIPZ
EJU92PX,EJU,92PX,EJU,LIMC-LEBL
EJU92QA,EJU,92QA,EJU,LFPG-LIML
EJU92QH,EJU,92QH,EJU,LEPA-EDDB
EJU92QP,EJU,92QP,EJU,LSGG-EHAM
EJU92QV,EJU,92QV,EJU,EHAM-LIRF
EJU92QW,EJU,92QW,EJU,LFPG-LPPR
EJU92QZ,EJU,92QZ,EJU,EDDB-LIML
EJU92RB,EJU,92RB,EJU,LFPO-LIPZ
EJU92RD,EJU,92RD,EJU,LFPG-EKCH-LFPG
EJU92RE,EJU,92RE,EJU,EGPH-EDDB
EJU92RM,EJU,92RM,EJU,EDDB-LGKR
EJU92RN,EJU,92RN,EJU,LIRN-LFST
EJU92RT,EJU,92RT,EJU,LPPT-LGAV
EJU92RX,EJU,92RX,EJU,LFPG-LIMC
EJU92RZ,EJU,92RZ,EJU,LGPZ-LIMC
EJU92SY,EJU,92SY,EJU,LFBD-GCTS
EJU92TD,EJU,92TD,EJU,BKPR-EHAM
EJU92TE,EJU,92TE,EJU,LEBL-LFLL
EJU92TJ,EJU,92TJ,EJU,LIEE-LIMC
EJU92TK,EJU,92TK,EJU,LEBL-LPPT
EJU92TM,EJU,92TM,EJU,EDDB-LEPA
EJU92TN,EJU,92TN,EJU,GCTS-EHAM
EJU92TU,EJU,92TU,EJU,GCLP-LIRN
EJU92TV,EJU,92TV,EJU,LEMD-LFLL
EJU92UB,EJU,92UB,EJU,EBBR-LIML
EJU92UD,EJU,92UD,EJU,EGKK-LPPT
EJU92UG,EJU,92UG,EJU,EHAM-LDPL
EJU92UK,EJU,92UK,EJU,LPPT-LFLL
EJU92UP,EJU,92UP,EJU,LIRF-EHAM
EJU92UT,EJU,92UT,EJU,LBBG-EDDB
EJU92UW,EJU,92UW,EJU,LFLL-LFBH
EJU92VK,EJU,92VK,EJU,LFMN-LPPR
EJU92VQ,EJU,92VQ,EJU,LFPO-LIRN
EJU92VT,EJU,92VT,EJU,EHAM-GCTS
EJU92VV,EJU,92VV,EJU,LFPG-LIPZ
EJU92VZ,EJU,92VZ,EJU,LPPR-EGKK
EJU92WD,EJU,92WD,EJU,LFPG-LGKR
EJU92WJ,EJU,92WJ,EJU,LIPZ-LFPO
EJU92WP,EJU,92WP,EJU,LSZH-LPPR
EJU92WT,EJU,92WT,EJU,EHAM-EGSS
EJU92WZ,EJU,92WZ,EJU,LEMG-LIMC
EJU92XA,EJU,92XA,EJU,EGKK-EHAM
EJU92XB,EJU,92XB,EJU,EDDB-LEBL
EJU92XC,EJU,92XC,EJU,LIRN-EFRO
EJU92XM,EJU,92XM,EJU,EDDT-LGSA
EJU92XP,EJU,92XP,EJU,GMAD-LFPG
EJU92XQ,EJU,92XQ,EJU,LIBR-LIMC
EJU92XU,EJU,92XU,EJU,LPPT-LEBL
EJU92XV,EJU,92XV,EJU,EGHI-LEPA
EJU92YA,EJU,92YA,EJU,EFRO-LFBD
EJU92YJ,EJU,92YJ,EJU,LGIR-LIMC
EJU92YL,EJU,92YL,EJU,LIMC-LEMH
EJU92YN,EJU,92YN,EJU,LIMC-LFRS
EJU92YR,EJU,92YR,EJU,LFLL-LIRF
EJU92YT,EJU,92YT,EJU,LICA-LIMC
EJU92YV,EJU,92YV,EJU,EHAM-EGKK
EJU92YX,EJU,92YX,EJU,LSZH-LPPR
EJU92YZ,EJU,92YZ,EJU,LIPZ-EDDB
EJU92ZC,EJU,92ZC,EJU,LBWN-EDDB
EJU92ZD,EJU,92ZD,EJU,LFLL-LPPR
EJU92ZF,EJU,92ZF,EJU,LFPG-GMMX
EJU92ZH,EJU,92ZH,EJU,LGAV-LFBD
EJU92ZR,EJU,92ZR,EJU,LSZH-EDDB
EJU92ZX,EJU,92ZX,EJU,LFPG-LICC
EJU931C,EJU,931C,EJU,LFMN-LFSB
EJU932A,EJU,932A,EJU,LIMC-LICC
EJU932Q,EJU,932Q,EJU,LFBD-LFLL
EJU932Y,EJU,932Y,EJU,LIMC-LICJ
EJU934R,EJU,934R,EJU,LIMC-LIEA
EJU934Y,EJU,934Y,EJU,LFRN-LFMN
EJU935B,EJU,935B,EJU,LIMC-LIRN
EJU935J,EJU,935J,EJU,LIMC-LIEE
EJU937L,EJU,937L,EJU,LFPG-LFKB
EJU937N,EJU,937N,EJU,LFQQ-LFBO
EJU937P,EJU,937P,EJU,LFBZ-LFPG
EJU937W,EJU,937W,EJU,LKPR-LIMC
EJU938U,EJU,938U,EJU,LFRB-LFLL
EJU939Z,EJU,939Z,EJU,LFLL-LFBZ
EJU93AL,EJU,93AL,EJU,LPFR-EHAM
EJU93AN,EJU,93AN,EJU,LSGG-LEPA
EJU93AR,EJU,93AR,EJU,LPPR-LFMN
EJU93AU,EJU,93AU,EJU,GMMX-LFQQ
EJU93AV,EJU,93AV,EJU,LPFR-EGGD
EJU93BC,EJU,93BC,EJU,EDDB-LEMG
EJU93BE,EJU,93BE,EJU,LIMC-LPPT
EJU93BF,EJU,93BF,EJU,LEBL-LSGG
EJU93BN,EJU,93BN,EJU,EGKK-LIMC
EJU93BP,EJU,93BP,EJU,LPPR-LSGG
EJU93BQ,EJU,93BQ,EJU,LIMC-GCFV
EJU93BU,EJU,93BU,EJU,LFBD-LPPT
EJU93CB,EJU,93CB,EJU,EHAM-EGBB
EJU93CD,EJU,93CD,EJU,LGPZ-EDDB
EJU93CE,EJU,93CE,EJU,LPMA-LPPT
EJU93CF,EJU,93CF,EJU,GCFV-EDDB
EJU93CH,EJU,93CH,EJU,EGSS-EHAM
EJU93CQ,EJU,93CQ,EJU,LEBL-LFPG
EJU93CT,EJU,93CT,EJU,LIBR-LIMC
EJU93DE,EJU,93DE,EJU,LGAV-LFLL
EJU93DG,EJU,93DG,EJU,LFMN-LEPA
EJU93DH,EJU,93DH,EJU,LEZL-EDDB
EJU93DJ,EJU,93DJ,EJU,LDSP-EDDB
EJU93DL,EJU,93DL,EJU,EDDB-LPMA
EJU93DP,EJU,93DP,EJU,LEAL-EGCC
EJU93DT,EJU,93DT,EJU,HEGN-EHAM
EJU93DZ,EJU,93DZ,EJU,LEBL-EGGD
EJU93ED,EJU,93ED,EJU,LFLL-LEBL
EJU93EJ,EJU,93EJ,EJU,LFMN-LSGG
EJU93EM,EJU,93EM,EJU,LGKR-LIMC
EJU93EP,EJU,93EP,EJU,LIPZ-LFPO
EJU93EU,EJU,93EU,EJU,EGSS-EHAM
EJU93EY,EJU,93EY,EJU,LEBL-LFPG
EJU93FM,EJU,93FM,EJU,LPFR-LSGG
EJU93FR,EJU,93FR,EJU,BKPR-EDDB
EJU93FV,EJU,93FV,EJU,LFPO-LDSP
EJU93GD,EJU,93GD,EJU,EDDB-LICC
EJU93GE,EJU,93GE,EJU,EDDB-LIEE
EJU93GP,EJU,93GP,EJU,LFPG-LPPT
EJU93GY,EJU,93GY,EJU,LCLK-LFPG
EJU93GZ,EJU,93GZ,EJU,LIRN-LIEO
EJU93HC,EJU,93HC,EJU,LIMC-LGSA
EJU93HF,EJU,93HF,EJU,LIPZ-LFPO
EJU93HM,EJU,93HM,EJU,LIMC-LGMK
EJU93HN,EJU,93HN,EJU,LIBR-LIMC
EJU93HQ,EJU,93HQ,EJU,LEBL-LPPT
EJU93HR,EJU,93HR,EJU,EGHI-EHAM
EJU93JB,EJU,93JB,EJU,LIRN-EGKK
EJU93JF,EJU,93JF,EJU,LIPZ-LFMN
EJU93JH,EJU,93JH,EJU,LIEE-LIMC
EJU93KB,EJU,93KB,EJU,LSZH-EDDB
EJU93KD,EJU,93KD,EJU,LSGG-LIRN
EJU93KG,EJU,93KG,EJU,LEPA-LFLL
EJU93KL,EJU,93KL,EJU,LIRF-LFBD
EJU93KM,EJU,93KM,EJU,EFRO-EDDB
EJU93KU,EJU,93KU,EJU,LFPO-LIRF
EJU93LD,EJU,93LD,EJU,LIMC-LFPG
EJU93LE,EJU,93LE,EJU,LEAL-EHAM
EJU93LF,EJU,93LF,EJU,EDDB-LFBO
EJU93LP,EJU,93LP,EJU,LIPZ-EDDB
EJU93ME,EJU,93ME,EJU,LIMC-LFBD
EJU93MG,EJU,93MG,EJU,LFPO-LIPZ
EJU93MH,EJU,93MH,EJU,LIRF-LFPO
EJU93MN,EJU,93MN,EJU,LICC-LIRN
EJU93MP,EJU,93MP,EJU,LIEO-LIRN
EJU93MQ,EJU,93MQ,EJU,LFSB-LEMG
EJU93MR,EJU,93MR,EJU,EDDB-LFPO
EJU93MU,EJU,93MU,EJU,LFPG-LIMC
EJU93NA,EJU,93NA,EJU,LPPT-GMMX
EJU93NL,EJU,93NL,EJU,LFPG-GMMX
EJU93NM,EJU,93NM,EJU,LGMK-LIMC
EJU93NP,EJU,93NP,EJU,EGGW-LFPG
EJU93NR,EJU,93NR,EJU,LFPG-LIML
EJU93NT,EJU,93NT,EJU,LIMC-GCTS
EJU93PD,EJU,93PD,EJU,EGKK-LPFR
EJU93PG,EJU,93PG,EJU,GMTT-LFLL
EJU93PH,EJU,93PH,EJU,LFPO-EDDB
EJU93PK,EJU,93PK,EJU,EDDB-LPMA
EJU93PL,EJU,93PL,EJU,LPPT-LIMC
EJU93PN,EJU,93PN,EJU,HESH-LIMC
EJU93PQ,EJU,93PQ,EJU,LFLL-LEMG
EJU93PT,EJU,93PT,EJU,LPFR-LFLL
EJU93PU,EJU,93PU,EJU,LIRN-LEIB
EJU93PW,EJU,93PW,EJU,LFPG-EGAA
EJU93PZ,EJU,93PZ,EJU,LEBL-EGKK
EJU93QD,EJU,93QD,EJU,EDDB-EGKK
EJU93QF,EJU,93QF,EJU,LGSK-LIMC
EJU93QK,EJU,93QK,EJU,LSGG-LEAL
EJU93QN,EJU,93QN,EJU,LFPG-LPPR
EJU93QR,EJU,93QR,EJU,LIRN-LIMC
EJU93QT,EJU,93QT,EJU,EGKK-LPPR
EJU93QZ,EJU,93QZ,EJU,LFLL-LPFR
EJU93RC,EJU,93RC,EJU,EDDB-EGKK
EJU93RF,EJU,93RF,EJU,BIKF-LIMC
EJU93RJ,EJU,93RJ,EJU,LIMC-EDDL
EJU93RL,EJU,93RL,EJU,LFPO-LIRN
EJU93RP,EJU,93RP,EJU,LIMC-LEPA
EJU93RU,EJU,93RU,EJU,LPPT-EGGD
EJU93RW,EJU,93RW,EJU,LEIB-LIMC
EJU93RY,EJU,93RY,EJU,EGKK-EDDB
EJU93RZ,EJU,93RZ,EJU,LIRN-LICC
EJU93TC,EJU,93TC,EJU,LDSP-LFPG
EJU93TH,EJU,93TH,EJU,LFSB-LPFR
EJU93TL,EJU,93TL,EJU,EHAM-HEGN
EJU93TN,EJU,93TN,EJU,EHAM-LEPA
EJU93TQ,EJU,93TQ,EJU,LPPT-LFPG
EJU93TR,EJU,93TR,EJU,GMMX-LIMC
EJU93TU,EJU,93TU,EJU,HEGN-EDDB
EJU93TZ,EJU,93TZ,EJU,LFPG-LIMC
EJU93UE,EJU,93UE,EJU,LIMC-LFPG
EJU93UF,EJU,93UF,EJU,LFLL-LPPR
EJU93UJ,EJU,93UJ,EJU,LIMC-LFPG
EJU93UQ,EJU,93UQ,EJU,LIMC-EDDH
EJU93UV,EJU,93UV,EJU,LEPA-LFMN
EJU93VH,EJU,93VH,EJU,LIPZ-LFPO
EJU93VK,EJU,93VK,EJU,LFPO-LIRN
EJU93VR,EJU,93VR,EJU,LIPZ-LFPO
EJU93VT,EJU,93VT,EJU,LPPR-LFPG
EJU93VU,EJU,93VU,EJU,LIPZ-LFLL
EJU93VX,EJU,93VX,EJU,LIRN-LEIB
EJU93VZ,EJU,93VZ,EJU,LSGG-LPPR
EJU93WA,EJU,93WA,EJU,LEIB-LIMC
EJU93WQ,EJU,93WQ,EJU,LEPA-LSGG
EJU93WU,EJU,93WU,EJU,LIMC-LGSR
EJU93XA,EJU,93XA,EJU,LFBD-LIMC
EJU93XH,EJU,93XH,EJU,EHAM-LIMC
EJU93XL,EJU,93XL,EJU,LIME-LIEO
EJU93XV,EJU,93XV,EJU,LIMC-EGKK
EJU93XZ,EJU,93XZ,EJU,LIRP-EDDB
EJU93YA,EJU,93YA,EJU,LFBD-HEGN
EJU93YB,EJU,93YB,EJU,LIMC-LFPO
EJU93YE,EJU,93YE,EJU,LIBR-LIMC
EJU93YL,EJU,93YL,EJU,HEGN-EHAM
EJU93YM,EJU,93YM,EJU,LEBL-EGKK
EJU93YR,EJU,93YR,EJU,LFPG-LIMC
EJU93YT,EJU,93YT,EJU,LFML-EDDB
EJU93YX,EJU,93YX,EJU,LEPA-LSGG
EJU93YZ,EJU,93YZ,EJU,LFLL-LEIB
EJU93ZB,EJU,93ZB,EJU,GVSV-LPPT
EJU93ZG,EJU,93ZG,EJU,EGBB-LEAL
EJU93ZH,EJU,93ZH,EJU,EHAM-LIRN
EJU93ZN,EJU,93ZN,EJU,LFMN-LFPO
EJU93ZP,EJU,93ZP,EJU,LPFR-LFLL
EJU93ZR,EJU,93ZR,EJU,LPPT-LATI
EJU93ZX,EJU,93ZX,EJU,LGTS-EDDB
EJU941F,EJU,941F,EJU,LFKJ-LFPG
EJU941K,EJU,941K,EJU,LIMC-LIEO
EJU941P,EJU,941P,EJU,LFLL-LFRS
EJU941U,EJU,941U,EJU,LFPO-LFMN
EJU941W,EJU,941W,EJU,LIMC-LIBD
EJU942P,EJU,942P,EJU,LFLL-LFKF
EJU943U,EJU,943U,EJU,LFMN-LFPO
EJU945A,EJU,945A,EJU,LFPG-LFBZ
EJU945E,EJU,945E,EJU,LFRS-LFLL
EJU945W,EJU,945W,EJU,LFKJ-LFRS
EJU945Y,EJU,945Y,EJU,LFMN-LFPG
EJU946V,EJU,946V,EJU,LFRS-LFBO
EJU946Z,EJU,946Z,EJU,LFLL-LFKJ
EJU948D,EJU,948D,EJU,LFMN-LFPG
EJU948W,EJU,948W,EJU,LFLL-LFRS
EJU948Y,EJU,948Y,EJU,LFLL-LFBO
EJU949J,EJU,949J,EJU,LFMN-LFPO
EJU94AB,EJU,94AB,EJU,LEBL-LIML
EJU94AD,EJU,94AD,EJU,GCRR-LIMC
EJU94AF,EJU,94AF,EJU,GCFV-EDDB
EJU94AG,EJU,94AG,EJU,LPPR-LFMN
EJU94AP,EJU,94AP,EJU,EDDT-LIMC
EJU94AT,EJU,94AT,EJU,EGPH-EDDB
EJU94AU,EJU,94AU,EJU,EHAM-LFSB
EJU94AX,EJU,94AX,EJU,LFLL-EDDB
EJU94AY,EJU,94AY,EJU,EGNM-LFPG
EJU94AZ,EJU,94AZ,EJU,EHAM-EGGD
EJU94BA,EJU,94BA,EJU,LIMC-EHAM
EJU94BE,EJU,94BE,EJU,EHAM-EGBB
EJU94BG,EJU,94BG,EJU,EGCC-EHAM
EJU94BP,EJU,94BP,EJU,LIML-EDDB
EJU94BQ,EJU,94BQ,EJU,EHAM-LFSB
EJU94BR,EJU,94BR,EJU,LIPZ-EGGD
EJU94BT,EJU,94BT,EJU,ENTC-LIMC
EJU94BV,EJU,94BV,EJU,LFRS-LPFR
EJU94CA,EJU,94CA,EJU,LEPA-LFMN
EJU94CB,EJU,94CB,EJU,LFPG-LEBL
EJU94CE,EJU,94CE,EJU,EGKK-EHAM
EJU94CG,EJU,94CG,EJU,EGGW-LFPG
EJU94CH,EJU,94CH,EJU,LFLL-LIBD
EJU94CL,EJU,94CL,EJU,LFPO-LIRN
EJU94CN,EJU,94CN,EJU,EGKK-LEBL
EJU94CP,EJU,94CP,EJU,EHAM-GCRR
EJU94CQ,EJU,94CQ,EJU,LEMG-EHAM
EJU94CR,EJU,94CR,EJU,LFLL-EKCH
EJU94DA,EJU,94DA,EJU,EGKK-LPFR
EJU94DF,EJU,94DF,EJU,LICJ-LFPO
EJU94DJ,EJU,94DJ,EJU,EDDB-LIRF
EJU94DM,EJU,94DM,EJU,LIPZ-LFMN
EJU94DP,EJU,94DP,EJU,LOWS-EHAM
EJU94DU,EJU,94DU,EJU,LFRS-LPPR
EJU94DY,EJU,94DY,EJU,LIRN-LIMC
EJU94EB,EJU,94EB,EJU,LPFR-LFPO
EJU94EF,EJU,94EF,EJU,LIRN-LSGG
EJU94EG,EJU,94EG,EJU,EGAA-LFPG
EJU94EH,EJU,94EH,EJU,LFMN-GMAD
EJU94EL,EJU,94EL,EJU,LGIR-LIRN
EJU94EM,EJU,94EM,EJU,LSZH-LEAL
EJU94EN,EJU,94EN,EJU,LFPG-LEMG
EJU94ER,EJU,94ER,EJU,LFPG-LIEO
EJU94ET,EJU,94ET,EJU,LIMC-GCRR
EJU94EU,EJU,94EU,EJU,LEBL-LSGG
EJU94EY,EJU,94EY,EJU,LIRP-LFPO
EJU94EZ,EJU,94EZ,EJU,LPFR-EGPF
EJU94FA,EJU,94FA,EJU,ESSA-EDDT
EJU94FD,EJU,94FD,EJU,LICC-LIMC
EJU94FE,EJU,94FE,EJU,LIME-LFPG
EJU94FG,EJU,94FG,EJU,GMMX-LPPR
EJU94FH,EJU,94FH,EJU,LFSB-LEBL
EJU94FJ,EJU,94FJ,EJU,LIRN-LIMC
EJU94FM,EJU,94FM,EJU,LIEO-EDDB
EJU94FP,EJU,94FP,EJU,EHAM-EGKK
EJU94FT,EJU,94FT,EJU,EDDK-EDDB
EJU94FW,EJU,94FW,EJU,EGCC-LFPG
EJU94FY,EJU,94FY,EJU,LPPT-LPMA
EJU94GB,EJU,94GB,EJU,LFPG-LIPZ
EJU94GF,EJU,94GF,EJU,EHAM-EDDB
EJU94GH,EJU,94GH,EJU,LMML-EHAM
EJU94GK,EJU,94GK,EJU,LFPG-EGGD
EJU94GN,EJU,94GN,EJU,LFPG-EPKK
EJU94GP,EJU,94GP,EJU,LEMG-EGCC
EJU94GV,EJU,94GV,EJU,LFPG-EGAA
EJU94GW,EJU,94GW,EJU,EGGD-LPFR
EJU94GX,EJU,94GX,EJU,EHAM-LIMC
EJU94GY,EJU,94GY,EJU,EGSS-EHAM
EJU94HF,EJU,94HF,EJU,EDDB-EKCH
EJU94HL,EJU,94HL,EJU,LFSB-LPPR
EJU94HN,EJU,94HN,EJU,LDDU-EHAM
EJU94HR,EJU,94HR,EJU,LBBG-EDDB
EJU94HU,EJU,94HU,EJU,LPPR-LPMA
EJU94HY,EJU,94HY,EJU,LEMG-LSGG
EJU94JH,EJU,94JH,EJU,LPPT-GMAD
EJU94JK,EJU,94JK,EJU,LIML-EDDB
EJU94KE,EJU,94KE,EJU,EGPF-LEPA
EJU94KH,EJU,94KH,EJU,LIRN-LEAL
EJU94KJ,EJU,94KJ,EJU,LFSB-LDSP
EJU94KL,EJU,94KL,EJU,EHAM-EGHI
EJU94KQ,EJU,94KQ,EJU,LGZA-LIMC
EJU94KY,EJU,94KY,EJU,LICA-LIMC
EJU94LD,EJU,94LD,EJU,LIRF-LFPO
EJU94LP,EJU,94LP,EJU,LPFR-EGMC
EJU94LT,EJU,94LT,EJU,LEMG-LFPG
EJU94LY,EJU,94LY,EJU,LEBL-LIMC
EJU94MA,EJU,94MA,EJU,LIRF-LFRS
EJU94MK,EJU,94MK,EJU,EDDB-LEPA
EJU94ML,EJU,94ML,EJU,EDDL-EDDT
EJU94MN,EJU,94MN,EJU,EDDB-GCLP
EJU94MQ,EJU,94MQ,EJU,LFPG-EDDB
EJU94MR,EJU,94MR,EJU,EGKK-LIMC
EJU94MX,EJU,94MX,EJU,LFMN-LIRN
EJU94MZ,EJU,94MZ,EJU,LFSB-LEBL
EJU94NF,EJU,94NF,EJU,EGCC-LPPT
EJU94NM,EJU,94NM,EJU,GCFV-LFLL
EJU94NT,EJU,94NT,EJU,LEPA-LFRS
EJU94NY,EJU,94NY,EJU,LEPA-LFSB
EJU94PC,EJU,94PC,EJU,EGCC-LEPA
EJU94PK,EJU,94PK,EJU,LGKR-LIMC
EJU94PL,EJU,94PL,EJU,GMMX-LFLL
EJU94PQ,EJU,94PQ,EJU,EKCH-LFLL
EJU94PX,EJU,94PX,EJU,EGKK-LFPG
EJU94QD,EJU,94QD,EJU,BKPR-EDDB
EJU94QK,EJU,94QK,EJU,EDDB-GCLP
EJU94QN,EJU,94QN,EJU,EGPF-EHAM
EJU94QR,EJU,94QR,EJU,LPPR-LFLL
EJU94QT,EJU,94QT,EJU,EDDB-GCFV
EJU94QV,EJU,94QV,EJU,LFSB-LEBL
EJU94QY,EJU,94QY,EJU,LPFR-LFRS
EJU94QZ,EJU,94QZ,EJU,LFMN-GMMX
EJU94RA,EJU,94RA,EJU,LFSB-LIEE
EJU94RE,EJU,94RE,EJU,EHAM-EGCC
EJU94RJ,EJU,94RJ,EJU,LGKR-LFLL
EJU94RQ,EJU,94RQ,EJU,LEBL-EGKK
EJU94RX,EJU,94RX,EJU,LGKR-LIMC
EJU94RZ,EJU,94RZ,EJU,LIRF-LFPO
EJU94SL,EJU,94SL,EJU,LIMC-LFPG
EJU94TA,EJU,94TA,EJU,LFPG-EGNT
EJU94TL,EJU,94TL,EJU,EHAM-LEPA
EJU94TN,EJU,94TN,EJU,LPPT-ELLX
EJU94TQ,EJU,94TQ,EJU,LGMK-LIMC
EJU94TZ,EJU,94TZ,EJU,LFPG-LIMC
EJU94UC,EJU,94UC,EJU,LGIR-LFPG
EJU94UD,EJU,94UD,EJU,LIMC-EHAM
EJU94UE,EJU,94UE,EJU,LFPO-LIML
EJU94UH,EJU,94UH,EJU,EBBR-EDDT
EJU94UK,EJU,94UK,EJU,GCFV-EDDB
EJU94UP,EJU,94UP,EJU,LIML-LFPG
EJU94UQ,EJU,94UQ,EJU,LEMD-LFPG
EJU94UZ,EJU,94UZ,EJU,LIRN-LFSB
EJU94VC,EJU,94VC,EJU,LEMH-LIMC
EJU94VR,EJU,94VR,EJU,LPPR-LIML
EJU94VX,EJU,94VX,EJU,LICJ-LIMC
EJU94WA,EJU,94WA,EJU,LFBO-LIEO
EJU94WZ,EJU,94WZ,EJU,LPPT-LEMD
EJU94XB,EJU,94XB,EJU,LEBL-LPPT
EJU94XD,EJU,94XD,EJU,LCPH-EDDT
EJU94XF,EJU,94XF,EJU,LIMC-LPFR
EJU94XH,EJU,94XH,EJU,EGPH-LFLL
EJU94XL,EJU,94XL,EJU,LFPO-LIRP
EJU94XM,EJU,94XM,EJU,EDDF-EDDT
EJU94XV,EJU,94XV,EJU,LIBR-LIMC
EJU94Y,EJU,94Y,EJU,LFPO-EDDT
EJU94YD,EJU,94YD,EJU,GMMX-LFBD
EJU94YH,EJU,94YH,EJU,LHBP-LFPG
EJU94YJ,EJU,94YJ,EJU,LPPR-LPMA
EJU94YN,EJU,94YN,EJU,LFMN-EDDB
EJU94YQ,EJU,94YQ,EJU,EHAM-EGMC
EJU94YZ,EJU,94YZ,EJU,EHAM-LPMA
EJU94ZA,EJU,94ZA,EJU,LEPA-LFMN
EJU94ZH,EJU,94ZH,EJU,LIRN-HESH
EJU94ZL,EJU,94ZL,EJU,LEMD-LPPR
EJU94ZR,EJU,94ZR,EJU,EKCH-EDDT
EJU951C,EJU,951C,EJU,LFRS-LFLL
EJU951V,EJU,951V,EJU,LFBO-LFQQ
EJU952A,EJU,952A,EJU,LFPO-LFBO
EJU952D,EJU,952D,EJU,LFSB-LFRS
EJU952G,EJU,952G,EJU,LFBD-LFMN
EJU953D,EJU,953D,EJU,LFMN-LFPO
EJU954A,EJU,954A,EJU,LFML-LFBD
EJU954C,EJU,954C,EJU,LFRS-LFBO
EJU954M,EJU,954M,EJU,LFKC-LFLL
EJU954X,EJU,954X,EJU,LFSB-LFRS
EJU956A,EJU,956A,EJU,LFML-LFBD
EJU956L,EJU,956L,EJU,LFQQ-LFMN
EJU956X,EJU,956X,EJU,LIMC-LIRN
EJU958C,EJU,958C,EJU,LIMC-LICJ
EJU958E,EJU,958E,EJU,LIMC-LIBD
EJU958Q,EJU,958Q,EJU,LFBD-LFQQ
EJU958R,EJU,958R,EJU,LIMC-LIEO
EJU958T,EJU,958T,EJU,LIMC-LIEO
EJU958U,EJU,958U,EJU,LIMC-LIEO
EJU958X,EJU,958X,EJU,LFPO-LFBO
EJU959A,EJU,959A,EJU,LIMC-LIBD
EJU959B,EJU,959B,EJU,LIMC-LICC
EJU959Q,EJU,959Q,EJU,LFPG-LFMN
EJU959V,EJU,959V,EJU,LFML-LFBD
EJU959Y,EJU,959Y,EJU,LFPO-LFBO
EJU95AE,EJU,95AE,EJU,EHAM-LEPA
EJU95AG,EJU,95AG,EJU,EGKK-LIMC
EJU95AK,EJU,95AK,EJU,LFPG-LFKJ
EJU95AL,EJU,95AL,EJU,LFBD-LIPZ
EJU95AN,EJU,95AN,EJU,LIMC-GCRR
EJU95AP,EJU,95AP,EJU,LIEO-LIMF
EJU95AR,EJU,95AR,EJU,LPMA-LPPT
EJU95AT,EJU,95AT,EJU,LHBP-EDDT
EJU95AU,EJU,95AU,EJU,LGSR-LIMC
EJU95AW,EJU,95AW,EJU,LFRS-LIMC
EJU95BA,EJU,95BA,EJU,LFLL-EDDB
EJU95BG,EJU,95BG,EJU,EGKK-EHAM
EJU95BQ,EJU,95BQ,EJU,LIMC-LEMG
EJU95BR,EJU,95BR,EJU,GMMX-LPPT
EJU95BW,EJU,95BW,EJU,LPPT-LEMD
EJU95BX,EJU,95BX,EJU,LSGG-LPPT
EJU95BZ,EJU,95BZ,EJU,LEBL-EDDB
EJU95CA,EJU,95CA,EJU,LFLL-LFKJ
EJU95CD,EJU,95CD,EJU,EGCC-LEPA
EJU95CH,EJU,95CH,EJU,LPPT-LFOB
EJU95CP,EJU,95CP,EJU,LFKF-LFPG
EJU95CR,EJU,95CR,EJU,LDSP-LFPG
EJU95CU,EJU,95CU,EJU,EDDT-LEPA
EJU95CX,EJU,95CX,EJU,GCLP-EHAM
EJU95DC,EJU,95DC,EJU,EDDB-LYTV
EJU95DH,EJU,95DH,EJU,EDDB-LFSB
EJU95DL,EJU,95DL,EJU,LPFR-EGCC
EJU95DN,EJU,95DN,EJU,LSGG-LFMN
EJU95DT,EJU,95DT,EJU,LIMC-LFPG
EJU95DV,EJU,95DV,EJU,LEBL-EGKK
EJU95DW,EJU,95DW,EJU,LIMC-GCTS
EJU95ED,EJU,95ED,EJU,EHAM-LPFR
EJU95EF,EJU,95EF,EJU,EGCC-LFPG
EJU95EH,EJU,95EH,EJU,EDDF-LIML
EJU95EK,EJU,95EK,EJU,LFLL-LEZL
EJU95EP,EJU,95EP,EJU,LICC-LIRN
EJU95EQ,EJU,95EQ,EJU,LEMG-LFSB
EJU95ER,EJU,95ER,EJU,EGCC-LPFR
EJU95EY,EJU,95EY,EJU,LGMK-LIMC
EJU95EZ,EJU,95EZ,EJU,EHAM-EGKK
EJU95FD,EJU,95FD,EJU,LEAL-LSGG
EJU95FH,EJU,95FH,EJU,EFRO-LFBD
EJU95FN,EJU,95FN,EJU,LFPG-LIMC
EJU95FP,EJU,95FP,EJU,LEPA-EGKK
EJU95FZ,EJU,95FZ,EJU,LICC-LIMC
EJU95GA,EJU,95GA,EJU,EHAM-EGGW
EJU95GC,EJU,95GC,EJU,GMME-LFRS
EJU95GD,EJU,95GD,EJU,LEBL-EDDB
EJU95GE,EJU,95GE,EJU,LFBD-GCTS
EJU95GK,EJU,95GK,EJU,LEPA-LSGG
EJU95GP,EJU,95GP,EJU,LIMC-LGKO
EJU95GQ,EJU,95GQ,EJU,EGKK-EDDB
EJU95GX,EJU,95GX,EJU,LIRN-LGMK
EJU95HA,EJU,95HA,EJU,GMME-LFRS
EJU95HM,EJU,95HM,EJU,LEMG-LIMC
EJU95HN,EJU,95HN,EJU,LPPT-LIMC
EJU95HP,EJU,95HP,EJU,LEPA-EGPH
EJU95HQ,EJU,95HQ,EJU,LIMC-LEPA
EJU95HR,EJU,95HR,EJU,LFBD-EGKK
EJU95HU,EJU,95HU,EJU,LFSB-LEPA
EJU95JC,EJU,95JC,EJU,LIPZ-EGCC
EJU95JF,EJU,95JF,EJU,EDDB-LSGG
EJU95JK,EJU,95JK,EJU,LFBD-LFLL
EJU95JM,EJU,95JM,EJU,LGAV-LIRN
EJU95JQ,EJU,95JQ,EJU,LIMC-HESX
EJU95KB,EJU,95KB,EJU,LEPA-EHAM
EJU95KH,EJU,95KH,EJU,LFLL-EGKK
EJU95KJ,EJU,95KJ,EJU,LFMN-LICC
EJU95KL,EJU,95KL,EJU,LPPT-LSGG
EJU95KM,EJU,95KM,EJU,LIRF-LFLL
EJU95KT,EJU,95KT,EJU,LIMC-LEMG
EJU95KY,EJU,95KY,EJU,LIRN-LFPO
EJU95LB,EJU,95LB,EJU,LFRS-LPPR
EJU95LF,EJU,95LF,EJU,LSZH-LICC
EJU95LG,EJU,95LG,EJU,EHAM-GMMX
EJU95LH,EJU,95LH,EJU,LEMD-LPPT
EJU95LQ,EJU,95LQ,EJU,LPMA-LPPR
EJU95LT,EJU,95LT,EJU,LIMC-LECO
EJU95LU,EJU,95LU,EJU,LIMC-LEPA
EJU95MD,EJU,95MD,EJU,LIML-LPPT
EJU95MQ,EJU,95MQ,EJU,LPPT-LIMC
EJU95NA,EJU,95NA,EJU,GCTS-EHAM
EJU95NC,EJU,95NC,EJU,LGKR-LIRN
EJU95NR,EJU,95NR,EJU,LFBD-EBBR
EJU95NY,EJU,95NY,EJU,LEPA-EDDB
EJU95PB,EJU,95PB,EJU,LGIR-LFPG
EJU95PF,EJU,95PF,EJU,LEBL-EGGD
EJU95PG,EJU,95PG,EJU,LFLL-LKPR
EJU95PL,EJU,95PL,EJU,LFLL-LGSA
EJU95PM,EJU,95PM,EJU,EDDB-GCFV
EJU95PQ,EJU,95PQ,EJU,LIPZ-LFPO
EJU95PR,EJU,95PR,EJU,LPPT-LFBD
EJU95PT,EJU,95PT,EJU,LEBL-LIMC
EJU95QB,EJU,95QB,EJU,LFRS-LEPA
EJU95QD,EJU,95QD,EJU,LFST-LEPA
EJU95QF,EJU,95QF,EJU,LPPR-LIMC
EJU95QK,EJU,95QK,EJU,GCRR-EHAM
EJU95QL,EJU,95QL,EJU,LPPT-ELLX
EJU95QN,EJU,95QN,EJU,LFPG-EPKK
EJU95QZ,EJU,95QZ,EJU,LFPG-LIMC
EJU95RD,EJU,95RD,EJU,LFSB-LPPR
EJU95RL,EJU,95RL,EJU,LFLL-GMME
EJU95RN,EJU,95RN,EJU,LIMC-LIEE
EJU95RP,EJU,95RP,EJU,EDDB-GCTS
EJU95RT,EJU,95RT,EJU,LFRS-LPPT
EJU95RY,EJU,95RY,EJU,LIMC-BIKF
EJU95TA,EJU,95TA,EJU,EBBR-LFMN
EJU95TC,EJU,95TC,EJU,LIML-EDDB
EJU95TE,EJU,95TE,EJU,LEIB-LIMC
EJU95TK,EJU,95TK,EJU,LPPT-LEMD
EJU95TM,EJU,95TM,EJU,LPMA-LPPT
EJU95TN,EJU,95TN,EJU,LIRN-LIMF
EJU95TR,EJU,95TR,EJU,EDDB-LPMA
EJU95TU,EJU,95TU,EJU,EDDB-GCRR
EJU95TY,EJU,95TY,EJU,LFPG-LIMC
EJU95UC,EJU,95UC,EJU,LEPA-EDDB
EJU95UF,EJU,95UF,EJU,LIBR-LIMC
EJU95VP,EJU,95VP,EJU,LPPR-LFBD
EJU95VV,EJU,95VV,EJU,LIEE-LIRN
EJU95VW,EJU,95VW,EJU,LFSB-LEBL
EJU95WF,EJU,95WF,EJU,LFSB-LEBL
EJU95WH,EJU,95WH,EJU,LEPA-LPPR
EJU95WL,EJU,95WL,EJU,LEMD-LPPT
EJU95WP,EJU,95WP,EJU,LFSB-LPFR
EJU95WQ,EJU,95WQ,EJU,LIML-EGPH
EJU95WZ,EJU,95WZ,EJU,EHAM-EGSS
EJU95XA,EJU,95XA,EJU,GMMX-LFLL
EJU95XM,EJU,95XM,EJU,LIPZ-EGKK
EJU95XT,EJU,95XT,EJU,LPFR-EGKK
EJU95YA,EJU,95YA,EJU,EDDB-LGKO
EJU95YN,EJU,95YN,EJU,GMMX-EHAM
EJU95YV,EJU,95YV,EJU,EGKK-EHAM
EJU95YZ,EJU,95YZ,EJU,LFLL-LICC
EJU95ZC,EJU,95ZC,EJU,LFMN-GMMX
EJU95ZD,EJU,95ZD,EJU,EDDB-LFPG
EJU95ZG,EJU,95ZG,EJU,LFLL-LPPT
EJU95ZH,EJU,95ZH,EJU,EGKK-EDDB
EJU95ZK,EJU,95ZK,EJU,LFPG-EGSS
EJU95ZL,EJU,95ZL,EJU,LEIB-LPPR
EJU95ZN,EJU,95ZN,EJU,LFSB-LPPR
EJU95ZQ,EJU,95ZQ,EJU,LEBL-LFLL
EJU95ZR,EJU,95ZR,EJU,EHAM-EGCC
EJU95ZT,EJU,95ZT,EJU,LPMA-LFRS
EJU95ZU,EJU,95ZU,EJU,LIRF-EDDF
EJU961C,EJU,961C,EJU,LFBD-LFLL
EJU961F,EJU,961F,EJU,LFRS-LFLL
EJU961W,EJU,961W,EJU,LFLL-LFRS
EJU962W,EJU,962W,EJU,LFPO-LFBO
EJU962Y,EJU,962Y,EJU,LFBD-LFMN
EJU963A,EJU,963A,EJU,LFPO-LFBO
EJU963K,EJU,963K,EJU,LFLL-LFBD
EJU964A,EJU,964A,EJU,LFKB-LFPG
EJU964F,EJU,964F,EJU,LFMN-LFPO
EJU964J,EJU,964J,EJU,EDDT-EDDL
EJU964V,EJU,964V,EJU,LFLL-LFKJ
EJU965A,EJU,965A,EJU,LFBD-LFKJ
EJU965F,EJU,965F,EJU,LFMN-LFPG
EJU965Q,EJU,965Q,EJU,LIMC-LIRN
EJU965Z,EJU,965Z,EJU,LFPG-LFMN
EJU967E,EJU,967E,EJU,LFBD-LFSB
EJU967P,EJU,967P,EJU,LFPG-LFKJ
EJU967Q,EJU,967Q,EJU,LFML-LFBD
EJU967R,EJU,967R,EJU,LFRS-LFLL
EJU967X,EJU,967X,EJU,LFMN-LFPO
EJU968H,EJU,968H,EJU,LFBD-LFLL
EJU968J,EJU,968J,EJU,LFMN-LFPG
EJU968M,EJU,968M,EJU,LFLL-LFBD
EJU968P,EJU,968P,EJU,LFMN-LFPO
EJU96AC,EJU,96AC,EJU,LFMN-LEMD
EJU96AD,EJU,96AD,EJU,LIPZ-LFPG
EJU96AF,EJU,96AF,EJU,EDDB-LFMN
EJU96AH,EJU,96AH,EJU,EGPH-LEAL
EJU96AL,EJU,96AL,EJU,LIRN-LEIB
EJU96AP,EJU,96AP,EJU,LSGG-LPFR
EJU96AT,EJU,96AT,EJU,LSGG-LEPA
EJU96AU,EJU,96AU,EJU,LEMH-LFPG
EJU96AV,EJU,96AV,EJU,LFPG-LIMC
EJU96AZ,EJU,96AZ,EJU,LIBR-LIMC
EJU96BC,EJU,96BC,EJU,LFSB-LFMN
EJU96BD,EJU,96BD,EJU,LFSB-EDDB
EJU96BH,EJU,96BH,EJU,LIRN-LSGG
EJU96BK,EJU,96BK,EJU,LEBL-EGPH
EJU96BM,EJU,96BM,EJU,EKCH-EDDB
EJU96BN,EJU,96BN,EJU,EDDB-LEBL
EJU96BP,EJU,96BP,EJU,EGKK-LIRN
EJU96BR,EJU,96BR,EJU,LIMC-LFBD
EJU96BU,EJU,96BU,EJU,LIEO-LIMC
EJU96BV,EJU,96BV,EJU,LFBD-LIRF
EJU96BX,EJU,96BX,EJU,LIRF-EDDT
EJU96CB,EJU,96CB,EJU,LDSP-LFLL
EJU96CL,EJU,96CL,EJU,LEMG-GMMX
EJU96CM,EJU,96CM,EJU,LICC-EDDB
EJU96CN,EJU,96CN,EJU,LIEA-LIMC
EJU96CT,EJU,96CT,EJU,LIML-LFPO
EJU96CZ,EJU,96CZ,EJU,LICC-LFBD
EJU96DA,EJU,96DA,EJU,LIPZ-LFMN
EJU96DP,EJU,96DP,EJU,LFPG-LDSP
EJU96DT,EJU,96DT,EJU,LIML-LFPO
EJU96DV,EJU,96DV,EJU,LFSB-LPPR
EJU96DW,EJU,96DW,EJU,LFRS-LPPR
EJU96DZ,EJU,96DZ,EJU,EGGD-LFPO
EJU96EG,EJU,96EG,EJU,LEVC-EDDB
EJU96EL,EJU,96EL,EJU,LICC-LFPG
EJU96EM,EJU,96EM,EJU,LIBR-LIMC
EJU96EN,EJU,96EN,EJU,LFSB-LIRN
EJU96ER,EJU,96ER,EJU,LFPG-GMME
EJU96ET,EJU,96ET,EJU,LFLL-EGKK
EJU96EW,EJU,96EW,EJU,EHAM-EGSS
EJU96EY,EJU,96EY,EJU,LEAL-EGHI
EJU96FA,EJU,96FA,EJU,EBBR-LFMN
EJU96FB,EJU,96FB,EJU,LEBL-EGAA
EJU96FG,EJU,96FG,EJU,LSGG-LEMG
EJU96FH,EJU,96FH,EJU,EDDB-LGAV
EJU96FK,EJU,96FK,EJU,LIRF-LFPO
EJU96FL,EJU,96FL,EJU,LPPT-LPMA
EJU96FP,EJU,96FP,EJU,LIPZ-LIBR
EJU96FQ,EJU,96FQ,EJU,LFBD-EKCH
EJU96FR,EJU,96FR,EJU,LIRN-LEIB
EJU96FZ,EJU,96FZ,EJU,BIKF-LIMC
EJU96HA,EJU,96HA,EJU,LIMC-LEBL
EJU96HC,EJU,96HC,EJU,LIPZ-LFLL
EJU96HD,EJU,96HD,EJU,GMMX-LFMN
EJU96HG,EJU,96HG,EJU,LIMC-EHAM
EJU96HL,EJU,96HL,EJU,EPKK-DAUB
EJU96HM,EJU,96HM,EJU,GCTS-EDDB
EJU96HR,EJU,96HR,EJU,EGGD-LEBL
EJU96HV,EJU,96HV,EJU,LFPO-LPPR
EJU96HX,EJU,96HX,EJU,EHAM-LFMN
EJU96HY,EJU,96HY,EJU,EDDB-LSZH
EJU96JC,EJU,96JC,EJU,LFSB-EHAM
EJU96JD,EJU,96JD,EJU,EGSS-EHAM
EJU96JG,EJU,96JG,EJU,LIMC-LFBD
EJU96JH,EJU,96JH,EJU,EHAM-EDDB
EJU96KB,EJU,96KB,EJU,LEPA-LFLL
EJU96KD,EJU,96KD,EJU,GCFV-LFPG
EJU96KL,EJU,96KL,EJU,LFLL-GMAD
EJU96KM,EJU,96KM,EJU,GMMX-LIMC
EJU96KT,EJU,96KT,EJU,LGAV-LFPO
EJU96LB,EJU,96LB,EJU,LFBO-LFQQ
EJU96LM,EJU,96LM,EJU,EDDB-LEBL
EJU96LP,EJU,96LP,EJU,EGPH-EHAM
EJU96LX,EJU,96LX,EJU,EHAM-EGPF
EJU96MF,EJU,96MF,EJU,LIEO-LIMC
EJU96MH,EJU,96MH,EJU,LFRS-LKPR
EJU96MK,EJU,96MK,EJU,LFLL-LPPR
EJU96MN,EJU,96MN,EJU,EDDS-LIPZ
EJU96MQ,EJU,96MQ,EJU,LEPA-EGAC
EJU96MR,EJU,96MR,EJU,LGAV-LPPT
EJU96MU,EJU,96MU,EJU,LPFR-LFPO
EJU96NB,EJU,96NB,EJU,LIRN-LICC
EJU96ND,EJU,96ND,EJU,EDDB-LIRF
EJU96NF,EJU,96NF,EJU,EGKK-LEMG
EJU96NL,EJU,96NL,EJU,LPPT-LFBD
EJU96NR,EJU,96NR,EJU,EGAA-LEBL
EJU96NU,EJU,96NU,EJU,LFPO-EDDB
EJU96NW,EJU,96NW,EJU,LFMN-LIRF
EJU96NY,EJU,96NY,EJU,EHAM-ENTC
EJU96PB,EJU,96PB,EJU,LIPZ-LFSB
EJU96PC,EJU,96PC,EJU,LFSB-EDDB
EJU96PJ,EJU,96PJ,EJU,LFPO-LIRF
EJU96PL,EJU,96PL,EJU,LGKO-LIRN
EJU96PN,EJU,96PN,EJU,LPMA-LPPR
EJU96PT,EJU,96PT,EJU,EGPH-LIMC
EJU96PZ,EJU,96PZ,EJU,EGKK-LFLL
EJU96QC,EJU,96QC,EJU,ELLX-LPPT
EJU96QD,EJU,96QD,EJU,LSGG-EHAM
EJU96QF,EJU,96QF,EJU,EGKK-LIMC
EJU96QP,EJU,96QP,EJU,GMMX-LFBD
EJU96QT,EJU,96QT,EJU,EGPH-EDDB
EJU96QU,EJU,96QU,EJU,LPPT-EGCC
EJU96QX,EJU,96QX,EJU,LIRN-EDDB
EJU96RA,EJU,96RA,EJU,EKCH-LIMC
EJU96RE,EJU,96RE,EJU,EDDB-LFSB
EJU96RL,EJU,96RL,EJU,LFSB-LEAL
EJU96RU,EJU,96RU,EJU,HEMA-LIMC
EJU96RV,EJU,96RV,EJU,EGKK-EHAM
EJU96RX,EJU,96RX,EJU,LGRP-EDDB
EJU96RZ,EJU,96RZ,EJU,EHAM-LDDU
EJU96TM,EJU,96TM,EJU,BIKF-LIMC
EJU96TN,EJU,96TN,EJU,EHAM-EDDB
EJU96TP,EJU,96TP,EJU,LIMC-EHAM
EJU96TQ,EJU,96TQ,EJU,GCLA-EDDB
EJU96TR,EJU,96TR,EJU,LFPG-LICJ
EJU96TY,EJU,96TY,EJU,LFPG-GMMX
EJU96TZ,EJU,96TZ,EJU,LPFR-EGKK
EJU96UC,EJU,96UC,EJU,LIRN-LEBL
EJU96UD,EJU,96UD,EJU,LEMH-LIMC
EJU96UE,EJU,96UE,EJU,LEMG-LSGG
EJU96UF,EJU,96UF,EJU,LSGG-LPPR
EJU96UG,EJU,96UG,EJU,LFMN-LPPR
EJU96UJ,EJU,96UJ,EJU,LPPT-LPMA
EJU96UW,EJU,96UW,EJU,LEPA-LSGG
EJU96UZ,EJU,96UZ,EJU,LFPG-LIMC
EJU96VD,EJU,96VD,EJU,GMME-LFMN
EJU96VE,EJU,96VE,EJU,LFRS-LDDU
EJU96VF,EJU,96VF,EJU,LFPG-EGPF
EJU96VJ,EJU,96VJ,EJU,LFPG-LIPZ
EJU96VM,EJU,96VM,EJU,LICC-LIMC
EJU96VQ,EJU,96VQ,EJU,LIMC-LEMG
EJU96VY,EJU,96VY,EJU,LFPG-LEMH
EJU96WB,EJU,96WB,EJU,LFOB-LPPT
EJU96WH,EJU,96WH,EJU,LFBD-LEBL
EJU96WQ,EJU,96WQ,EJU,LIML-LFPG
EJU96WU,EJU,96WU,EJU,GMMX-LPPR
EJU96WY,EJU,96WY,EJU,GMMX-LFBO
EJU96WZ,EJU,96WZ,EJU,EGKK-LEBL
EJU96XB,EJU,96XB,EJU,LSZH-EDDB
EJU96XC,EJU,96XC,EJU,LFPG-EGPD
EJU96XG,EJU,96XG,EJU,LICJ-LPPT
EJU96XM,EJU,96XM,EJU,LFMN-LEPA
EJU96XP,EJU,96XP,EJU,LGIR-LFBD
EJU96XU,EJU,96XU,EJU,EHAM-LIML
EJU96XV,EJU,96XV,EJU,GMMX-LIRN
EJU96YD,EJU,96YD,EJU,LFSB-LIPZ
EJU96YF,EJU,96YF,EJU,LFLL-LPFR
EJU96YG,EJU,96YG,EJU,LFPG-LIMC
EJU96YH,EJU,96YH,EJU,LFRS-LGIR
EJU96ZF,EJU,96ZF,EJU,LIMC-LEPA
EJU96ZG,EJU,96ZG,EJU,EDDT-EFHK
EJU96ZK,EJU,96ZK,EJU,LEBL-LPPT
EJU96ZN,EJU,96ZN,EJU,LEPA-LSGG
EJU96ZP,EJU,96ZP,EJU,EDDB-LGRP
EJU96ZQ,EJU,96ZQ,EJU,EDDB-EHAM
EJU96ZR,EJU,96ZR,EJU,LSZH-EDDB
EJU96ZW,EJU,96ZW,EJU,LIBR-LIMC
EJU96ZX,EJU,96ZX,EJU,LIPZ-EDDB
EJU971L,EJU,971L,EJU,LFBO-LFMN
EJU972B,EJU,972B,EJU,LIMC-LICJ
EJU973C,EJU,973C,EJU,LFPG-LFMN
EJU973G,EJU,973G,EJU,LFQQ-LFBD
EJU973H,EJU,973H,EJU,LFLL-LFRS
EJU973J,EJU,973J,EJU,LIMC-LIBR
EJU974P,EJU,974P,EJU,LIMC-LICC
EJU974U,EJU,974U,EJU,LFSB-LFBO
EJU975A,EJU,975A,EJU,LFML-LFBD
EJU975C,EJU,975C,EJU,LIMC-LIRN
EJU975K,EJU,975K,EJU,LIMC-LICC
EJU975M,EJU,975M,EJU,LFPO-LFMN
EJU975N,EJU,975N,EJU,LFPO-LFBO
EJU975W,EJU,975W,EJU,LFMN-LFPO
EJU976H,EJU,976H,EJU,LFLL-LFBD
EJU976J,EJU,976J,EJU,LFML-LFBD
EJU976N,EJU,976N,EJU,LFPO-LFMN
EJU976Q,EJU,976Q,EJU,EDDT-EDDS
EJU976T,EJU,976T,EJU,LFMN-LFBD
EJU978F,EJU,978F,EJU,LFPO-LFMN
EJU978Q,EJU,978Q,EJU,LFRB-LFLL
EJU978X,EJU,978X,EJU,LFQQ-LFBD
EJU979T,EJU,979T,EJU,LFMN-LFBD
EJU97AB,EJU,97AB,EJU,LFPG-GMME
EJU97AD,EJU,97AD,EJU,EDDB-GCRR
EJU97AF,EJU,97AF,EJU,EKCH-LFPG
EJU97AH,EJU,97AH,EJU,LICJ-LFLL
EJU97AP,EJU,97AP,EJU,LFMN-LPPT
EJU97AR,EJU,97AR,EJU,LIRN-EDDB
EJU97AZ,EJU,97AZ,EJU,LGTS-EDDB
EJU97BG,EJU,97BG,EJU,LPPT-LSGG
EJU97BK,EJU,97BK,EJU,EDDB-LLBG
EJU97BN,EJU,97BN,EJU,EGHI-LEAL
EJU97BR,EJU,97BR,EJU,EDDB-LGTS
EJU97BT,EJU,97BT,EJU,LIPZ-LSZH
EJU97BU,EJU,97BU,EJU,LIPZ-LFPG
EJU97CA,EJU,97CA,EJU,LEAL-LGAV
EJU97CD,EJU,97CD,EJU,LFTH-LFPG
EJU97CE,EJU,97CE,EJU,LPPR-ELLX
EJU97CP,EJU,97CP,EJU,EGPF-LEAL
EJU97DF,EJU,97DF,EJU,LGSR-LFMN
EJU97DK,EJU,97DK,EJU,LEST-LSGG
EJU97DL,EJU,97DL,EJU,LIML-LPPR
EJU97DM,EJU,97DM,EJU,GCTS-LSGG
EJU97DP,EJU,97DP,EJU,LIMC-LGAV
EJU97DR,EJU,97DR,EJU,LPPR-LSZH
EJU97DU,EJU,97DU,EJU,ENTC-LIMC
EJU97DW,EJU,97DW,EJU,LIMC-GMMX
EJU97DX,EJU,97DX,EJU,LGKR-LFPG
EJU97DZ,EJU,97DZ,EJU,LEAL-EHAM
EJU97EA,EJU,97EA,EJU,LIMC-EGCC
EJU97EC,EJU,97EC,EJU,LFPG-LIML
EJU97ED,EJU,97ED,EJU,EKCH-LIMC
EJU97EH,EJU,97EH,EJU,LIMC-EGCC
EJU97EM,EJU,97EM,EJU,EDDB-EKCH
EJU97EU,EJU,97EU,EJU,EGPH-LFLL
EJU97EY,EJU,97EY,EJU,EHAM-LEMG
EJU97FE,EJU,97FE,EJU,LIRF-EDDM
EJU97FK,EJU,97FK,EJU,LEMH-LIMC
EJU97FM,EJU,97FM,EJU,LFPG-GMAD
EJU97FN,EJU,97FN,EJU,LKPR-LIMC
EJU97FP,EJU,97FP,EJU,LPPR-LSGG
EJU97FQ,EJU,97FQ,EJU,LSGG-LPPT
EJU97FU,EJU,97FU,EJU,LFMN-EDDB
EJU97FW,EJU,97FW,EJU,LIMC-LGZA
EJU97FZ,EJU,97FZ,EJU,EHAM-EGGD
EJU97G,EJU,97G,EJU,LSGG-LEBL
EJU97GB,EJU,97GB,EJU,LIMC-LPFR
EJU97GD,EJU,97GD,EJU,LIMC-GMMX
EJU97GE,EJU,97GE,EJU,EGGD-LEAL
EJU97GF,EJU,97GF,EJU,LIMC-LGAV
EJU97GK,EJU,97GK,EJU,EPKK-LFPG
EJU97GL,EJU,97GL,EJU,LFPO-LFBO
EJU97GR,EJU,97GR,EJU,LFBD-GCTS
EJU97GU,EJU,97GU,EJU,LIRN-LIMC
EJU97GW,EJU,97GW,EJU,LIRN-LIMC
EJU97GY,EJU,97GY,EJU,LICC-LIRN
EJU97GZ,EJU,97GZ,EJU,LFPO-LPFR
EJU97HA,EJU,97HA,EJU,LEPA-LPPT
EJU97HC,EJU,97HC,EJU,LFLL-LDDU
EJU97HF,EJU,97HF,EJU,GMME-LFPG
EJU97HN,EJU,97HN,EJU,LIEE-LIMC
EJU97HP,EJU,97HP,EJU,LFMT-LPPR
EJU97HQ,EJU,97HQ,EJU,LPPT-LEMD
EJU97HX,EJU,97HX,EJU,LIMC-LEMG
EJU97HY,EJU,97HY,EJU,EGKK-LFPG
EJU97JA,EJU,97JA,EJU,LIEO-LFBD
EJU97JK,EJU,97JK,EJU,LIPZ-EGPH
EJU97JM,EJU,97JM,EJU,EDDB-LIRN
EJU97JR,EJU,97JR,EJU,LIBD-LIMC
EJU97JT,EJU,97JT,EJU,LFPO-LIML
EJU97JX,EJU,97JX,EJU,LIMC-LPPT
EJU97KA,EJU,97KA,EJU,EKCH-EHAM
EJU97KC,EJU,97KC,EJU,LIRN-GMMX
EJU97KE,EJU,97KE,EJU,LFPO-LIML
EJU97KF,EJU,97KF,EJU,LFPO-LGAV
EJU97KL,EJU,97KL,EJU,LPFR-LFSB
EJU97KM,EJU,97KM,EJU,LFPO-LIML
EJU97KP,EJU,97KP,EJU,LICC-LIMC
EJU97KT,EJU,97KT,EJU,LPPR-LSGG
EJU97KU,EJU,97KU,EJU,LIMC-LGMK
EJU97LC,EJU,97LC,EJU,GMMX-LFMN
EJU97LF,EJU,97LF,EJU,EGKK-EHAM
EJU97LG,EJU,97LG,EJU,LFLL-LEPA
EJU97LQ,EJU,97LQ,EJU,LIMC-LEMG
EJU97LR,EJU,97LR,EJU,LPPR-ELLX
EJU97LT,EJU,97LT,EJU,LIRN-LIEO
EJU97LZ,EJU,97LZ,EJU,LIRN-EGKK
EJU97ME,EJU,97ME,EJU,LPFR-EHAM
EJU97MH,EJU,97MH,EJU,LIRF-LFMN
EJU97MJ,EJU,97MJ,EJU,LFPO-LFMN
EJU97MN,EJU,97MN,EJU,LKPR-LEPA
EJU97MQ,EJU,97MQ,EJU,LEPA-EGGW
EJU97MY,EJU,97MY,EJU,LIRF-EDDB
EJU97NA,EJU,97NA,EJU,EDDT-LSZH
EJU97NC,EJU,97NC,EJU,LEIB-LIRN
EJU97ND,EJU,97ND,EJU,LEMH-LIMC
EJU97NM,EJU,97NM,EJU,LIEO-LIMC
EJU97NR,EJU,97NR,EJU,EDDM-LIRN
EJU97NU,EJU,97NU,EJU,EFRO-LIMC
EJU97PG,EJU,97PG,EJU,LIMC-LPPT
EJU97PM,EJU,97PM,EJU,EDDB-LIRN
EJU97PQ,EJU,97PQ,EJU,ELLX-LIMC
EJU97PR,EJU,97PR,EJU,LFRS-LPPT
EJU97PT,EJU,97PT,EJU,LFSB-LEBL
EJU97PV,EJU,97PV,EJU,GMME-LFBD
EJU97QA,EJU,97QA,EJU,LIRN-LICJ
EJU97QE,EJU,97QE,EJU,LIRN-LKPR
EJU97QG,EJU,97QG,EJU,LIMC-ELLX
EJU97QM,EJU,97QM,EJU,EHAM-EGPF
EJU97QN,EJU,97QN,EJU,LFPG-GCTS
EJU97QW,EJU,97QW,EJU,LFPO-LIPZ
EJU97RC,EJU,97RC,EJU,EGNT-EHAM
EJU97RH,EJU,97RH,EJU,LPPT-LFLL
EJU97RM,EJU,97RM,EJU,LIEO-LFMN
EJU97RN,EJU,97RN,EJU,LPPR-LFLL
EJU97RW,EJU,97RW,EJU,LFLL-GCFV
EJU97RZ,EJU,97RZ,EJU,LOWW-LFBD
EJU97TA,EJU,97TA,EJU,LFLL-LPPR
EJU97TD,EJU,97TD,EJU,LFPO-LIRN
EJU97TE,EJU,97TE,EJU,LIRN-EDDB
EJU97TF,EJU,97TF,EJU,EGMC-LFPG
EJU97TH,EJU,97TH,EJU,LFMN-LIPZ
EJU97TK,EJU,97TK,EJU,LDPL-EDDB
EJU97TR,EJU,97TR,EJU,BKPR-EDDB
EJU97TW,EJU,97TW,EJU,LPPR-LSGG
EJU97TY,EJU,97TY,EJU,LIMC-HEMA
EJU97TZ,EJU,97TZ,EJU,LICJ-EHAM
EJU97UA,EJU,97UA,EJU,LKPR-LIMC
EJU97UB,EJU,97UB,EJU,LEPA-EGKK
EJU97UC,EJU,97UC,EJU,EKCH-EDDT
EJU97UP,EJU,97UP,EJU,LKPR-EHAM
EJU97UQ,EJU,97UQ,EJU,LIEO-EHAM
EJU97UV,EJU,97UV,EJU,LIMC-LGKR
EJU97UZ,EJU,97UZ,EJU,GMMX-LFRS
EJU97VA,EJU,97VA,EJU,LIMC-LIBD
EJU97VF,EJU,97VF,EJU,LFBD-LHBP
EJU97VJ,EJU,97VJ,EJU,LIMC-LGAV
EJU97VK,EJU,97VK,EJU,LEPA-EGGD
EJU97VP,EJU,97VP,EJU,LIEO-LIMC
EJU97VR,EJU,97VR,EJU,LIRN-LGKR
EJU97VT,EJU,97VT,EJU,LEMD-LPPT
EJU97VZ,EJU,97VZ,EJU,LEBL-LSGG
EJU97WD,EJU,97WD,EJU,EHAM-LPPT
EJU97WJ,EJU,97WJ,EJU,LFQQ-LFMN
EJU97WN,EJU,97WN,EJU,LFBO-LFRS
EJU97WP,EJU,97WP,EJU,LFPG-LPPR
EJU97XA,EJU,97XA,EJU,LPPT-EGCC
EJU97XB,EJU,97XB,EJU,LSGG-LIRN
EJU97XD,EJU,97XD,EJU,LFBD-LPPR
EJU97XL,EJU,97XL,EJU,GMMX-LFLL
EJU97XM,EJU,97XM,EJU,LIMC-LGKO
EJU97XP,EJU,97XP,EJU,LEPA-EGGW
EJU97XQ,EJU,97XQ,EJU,LIMC-EKCH
EJU97XR,EJU,97XR,EJU,EHAM-EDDB
EJU97XU,EJU,97XU,EJU,LIPZ-LFMN
EJU97YB,EJU,97YB,EJU,LPPR-LFPG
EJU97YD,EJU,97YD,EJU,LIBR-LIMC
EJU97YE,EJU,97YE,EJU,LFLL-LPFR
EJU97YH,EJU,97YH,EJU,LFPG-EGAA
EJU97YK,EJU,97YK,EJU,LFPG-EGPH
EJU97YL,EJU,97YL,EJU,LIMC-HESH
EJU97YN,EJU,97YN,EJU,EKCH-LFPG
EJU97YQ,EJU,97YQ,EJU,EDDB-LEBL
EJU97YR,EJU,97YR,EJU,LIRN-LIMC
EJU97YV,EJU,97YV,EJU,LGIR-LIMC
EJU982F,EJU,982F,EJU,LFMN-LFBD
EJU982M,EJU,982M,EJU,LFPO-LFMN
EJU983W,EJU,983W,EJU,LFPG-LFMN
EJU985E,EJU,985E,EJU,LIRN-LIMC
EJU986Q,EJU,986Q,EJU,LFMN-LFQQ
EJU987P,EJU,987P,EJU,LIMC-EGPH
EJU989H,EJU,989H,EJU,LFQQ-LFMN
EJU989M,EJU,989M,EJU,LFLL-LFBD
EJU98AC,EJU,98AC,EJU,LEPA-LSGG
EJU98AF,EJU,98AF,EJU,EDDT-LEPA
EJU98AH,EJU,98AH,EJU,LEAL-LIMC
EJU98AJ,EJU,98AJ,EJU,LIMC-LCLK
EJU98AK,EJU,98AK,EJU,LIMC-LFRS
EJU98AM,EJU,98AM,EJU,LFPG-LIML
EJU98AN,EJU,98AN,EJU,LEIB-LIMC
EJU98AU,EJU,98AU,EJU,LFLL-LEPA
EJU98CB,EJU,98CB,EJU,LFBO-EDDB
EJU98CD,EJU,98CD,EJU,EHAM-LPMA
EJU98CL,EJU,98CL,EJU,EGKK-LIMC
EJU98CP,EJU,98CP,EJU,LIRN-LGMK
EJU98CR,EJU,98CR,EJU,LFPG-LHBP
EJU98CT,EJU,98CT,EJU,EDDT-LEPA
EJU98CV,EJU,98CV,EJU,LIML-LFPO
EJU98CX,EJU,98CX,EJU,LIML-LFPG
EJU98DB,EJU,98DB,EJU,LPFR-EHAM
EJU98DC,EJU,98DC,EJU,LGKO-LIRN
EJU98DG,EJU,98DG,EJU,LFPG-EGGW
EJU98DK,EJU,98DK,EJU,EGGW-LIMC
EJU98DV,EJU,98DV,EJU,EGKK-LIRN
EJU98EA,EJU,98EA,EJU,EGNT-LFPG
EJU98EB,EJU,98EB,EJU,LGKR-LIMC
EJU98EG,EJU,98EG,EJU,LPPR-LSGG
EJU98EJ,EJU,98EJ,EJU,LFPO-LIEE
EJU98EL,EJU,98EL,EJU,LGPZ-EDDB
EJU98EM,EJU,98EM,EJU,LIMC-LKPR
EJU98EP,EJU,98EP,EJU,EHAM-EDDB
EJU98EQ,EJU,98EQ,EJU,LFPO-EDDB
EJU98ET,EJU,98ET,EJU,EGHI-LPFR
EJU98EV,EJU,98EV,EJU,LIML-LPPT
EJU98EW,EJU,98EW,EJU,LIMC-LEIB
EJU98FG,EJU,98FG,EJU,LPFR-LFLL
EJU98FK,EJU,98FK,EJU,LFSB-LPPT
EJU98FN,EJU,98FN,EJU,LFMN-LICC
EJU98FT,EJU,98FT,EJU,LIMC-HESH
EJU98FW,EJU,98FW,EJU,LPFR-LFLL
EJU98FX,EJU,98FX,EJU,LIMC-LEMG
EJU98GB,EJU,98GB,EJU,EDDB-LEPA
EJU98GC,EJU,98GC,EJU,LFMN-EGKK
EJU98GD,EJU,98GD,EJU,LIRF-EBBR
EJU98GM,EJU,98GM,EJU,LIRN-LFPO
EJU98GN,EJU,98GN,EJU,LFRS-GMMX
EJU98GP,EJU,98GP,EJU,LIMC-LFPG
EJU98GQ,EJU,98GQ,EJU,LFBD-LFLL
EJU98GR,EJU,98GR,EJU,LIRN-LFMN
EJU98GT,EJU,98GT,EJU,EDDT-LGAV
EJU98GU,EJU,98GU,EJU,LIMC-LKPR
EJU98GX,EJU,98GX,EJU,LPFR-EGGD
EJU98HA,EJU,98HA,EJU,LFSB-LEPA
EJU98HB,EJU,98HB,EJU,LFSB-LEBL
EJU98HD,EJU,98HD,EJU,EDDM-LIMC
EJU98HG,EJU,98HG,EJU,LPPT-LFLL
EJU98HL,EJU,98HL,EJU,ELLX-LPPR
EJU98HM,EJU,98HM,EJU,EHAM-LEAL
EJU98HU,EJU,98HU,EJU,LIMC-EDDM
EJU98HY,EJU,98HY,EJU,LFPG-EDDB
EJU98JB,EJU,98JB,EJU,LHBP-LFLL
EJU98JC,EJU,98JC,EJU,LFBO-LFLL
EJU98JE,EJU,98JE,EJU,LFBD-LIMC
EJU98JG,EJU,98JG,EJU,LIPZ-EHAM
EJU98JH,EJU,98JH,EJU,HESH-LIMC
EJU98JM,EJU,98JM,EJU,LIMC-BIKF
EJU98JP,EJU,98JP,EJU,LGKR-LFLL
EJU98JV,EJU,98JV,EJU,LSZH-LPPR
EJU98JW,EJU,98JW,EJU,LDSP-LFPO
EJU98KB,EJU,98KB,EJU,GMME-LFPG
EJU98KD,EJU,98KD,EJU,LIRF-EDDM
EJU98KE,EJU,98KE,EJU,LIRN-LICC
EJU98KG,EJU,98KG,EJU,LFPO-BIKF
EJU98KJ,EJU,98KJ,EJU,EGPH-LIMC
EJU98KL,EJU,98KL,EJU,EGCC-LEBL
EJU98KM,EJU,98KM,EJU,LFPG-EGNM
EJU98KR,EJU,98KR,EJU,LIMC-LFPG
EJU98KW,EJU,98KW,EJU,EGKK-EHAM
EJU98LB,EJU,98LB,EJU,EHAM-LMML
EJU98LG,EJU,98LG,EJU,EGCC-LPPT
EJU98LH,EJU,98LH,EJU,LICC-LIRN
EJU98LM,EJU,98LM,EJU,GCRR-LFLL
EJU98LQ,EJU,98LQ,EJU,EHAM-LIPZ
EJU98LZ,EJU,98LZ,EJU,LFPO-LIPZ
EJU98ME,EJU,98ME,EJU,EHAM-LEPA
EJU98MR,EJU,98MR,EJU,EGKK-LFLL
EJU98MU,EJU,98MU,EJU,LGIR-LFBD
EJU98NA,EJU,98NA,EJU,BIKF-LFLL
EJU98NJ,EJU,98NJ,EJU,GCTS-LPPT
EJU98NK,EJU,98NK,EJU,LIPZ-LGKF
EJU98NP,EJU,98NP,EJU,LEPA-LIMC
EJU98NQ,EJU,98NQ,EJU,LEBL-LFLL
EJU98NT,EJU,98NT,EJU,EGPF-LEAL
EJU98NY,EJU,98NY,EJU,EHAM-LDSP
EJU98PD,EJU,98PD,EJU,LFBD-LEGR
EJU98PF,EJU,98PF,EJU,LFLL-LPMA
EJU98PG,EJU,98PG,EJU,LIRN-LFPO
EJU98PK,EJU,98PK,EJU,EDDB-LIRN
EJU98PT,EJU,98PT,EJU,EBBR-LIML
EJU98PU,EJU,98PU,EJU,LPPR-LEPA
EJU98PV,EJU,98PV,EJU,EGCC-LFPO
EJU98QG,EJU,98QG,EJU,EGKK-EDDB
EJU98QK,EJU,98QK,EJU,LEPA-LSGG
EJU98QL,EJU,98QL,EJU,LICA-LIMC
EJU98QR,EJU,98QR,EJU,LIML-LFPO
EJU98QU,EJU,98QU,EJU,LFPG-LHBP
EJU98QV,EJU,98QV,EJU,LFPG-LIML
EJU98QX,EJU,98QX,EJU,LFBD-LIMC
EJU98RA,EJU,98RA,EJU,EGCC-LEBL
EJU98RK,EJU,98RK,EJU,LFPO-LIRF
EJU98RP,EJU,98RP,EJU,LFBD-LIEE
EJU98RV,EJU,98RV,EJU,LFMN-LGAV
EJU98RX,EJU,98RX,EJU,LPMA-LPPT
EJU98RY,EJU,98RY,EJU,LIMC-LPPR
EJU98TA,EJU,98TA,EJU,LEPA-EDDB
EJU98TB,EJU,98TB,EJU,LFPO-LBSF
EJU98TC,EJU,98TC,EJU,LICC-EDDB
EJU98TD,EJU,98TD,EJU,LEZL-LFSB
EJU98TJ,EJU,98TJ,EJU,LFMN-LFBD
EJU98TL,EJU,98TL,EJU,LEBL-LIMC
EJU98TM,EJU,98TM,EJU,LIPZ-LFPG
EJU98TP,EJU,98TP,EJU,LFPG-LFKJ
EJU98TY,EJU,98TY,EJU,BKPR-EDDB
EJU98UD,EJU,98UD,EJU,LIRP-LPPR
EJU98UH,EJU,98UH,EJU,GMMX-LFLL
EJU98UK,EJU,98UK,EJU,LFSB-LEMG
EJU98UM,EJU,98UM,EJU,LFST-GMMX
EJU98UW,EJU,98UW,EJU,LPPR-LFBD
EJU98VD,EJU,98VD,EJU,LEAL-EGGD
EJU98VH,EJU,98VH,EJU,EGGD-LPPT
EJU98VM,EJU,98VM,EJU,LGSR-LIRN
EJU98VP,EJU,98VP,EJU,LFPO-LIRP
EJU98VR,EJU,98VR,EJU,LFPO-LICJ
EJU98VT,EJU,98VT,EJU,LFTH-LFBD
EJU98VV,EJU,98VV,EJU,LSGG-LEAL
EJU98WA,EJU,98WA,EJU,LIMC-GCTS
EJU98WC,EJU,98WC,EJU,LICC-LIRN
EJU98WK,EJU,98WK,EJU,LIPZ-EGKK
EJU98WL,EJU,98WL,EJU,LFLL-LFRS
EJU98WT,EJU,98WT,EJU,LPPR-LFLL
EJU98XP,EJU,98XP,EJU,LKPR-LPPT
EJU98XQ,EJU,98XQ,EJU,LFMN-GMMX
EJU98XR,EJU,98XR,EJU,LGIR-EDDB
EJU98XZ,EJU,98XZ,EJU,LFPG-LIMC
EJU98YB,EJU,98YB,EJU,EGCC-LIRN
EJU98YH,EJU,98YH,EJU,EGBB-EHAM
EJU98YJ,EJU,98YJ,EJU,EGSS-EHAM
EJU98YL,EJU,98YL,EJU,EGKK-LIMC
EJU98YM,EJU,98YM,EJU,LEPA-EGMC
EJU98YQ,EJU,98YQ,EJU,LEMG-LIMC
EJU98YX,EJU,98YX,EJU,EGKK-LFPG
EJU98YZ,EJU,98YZ,EJU,LPPS-LPPT
EJU98ZA,EJU,98ZA,EJU,EDDH-LIMC
EJU98ZK,EJU,98ZK,EJU,LFPG-LPPR
EJU98ZL,EJU,98ZL,EJU,LFPG-BIKF
EJU98ZN,EJU,98ZN,EJU,LIEO-LIMC
EJU98ZQ,EJU,98ZQ,EJU,LFMN-GMTT
EJU98ZT,EJU,98ZT,EJU,LIEO-EHAM
EJU98ZU,EJU,98ZU,EJU,LEPA-EGAA
EJU98ZX,EJU,98ZX,EJU,EGCC-LFPG
